898948
899489
915539
915550
915561
915562
915570
915571
915593
915595
915614
915619
915631
915632
915651
915652
927107
927108
927121
927128
927145
927149
927181
927185
927208
927209
927261
927262
927275
927276
927282
927283
927290
927303
927327
927328
928123
928169
928171
928184
928185
928290
928297
928500
928561
928859
928865
928998
929001
929029
929037
929048
929049
929071
929086
929160
929773
929829
929838
929899
929900
929914
929915
929923
929926
929937
929938
929943
930000
930001
930034
930035
930052
930057
930077
930308
930312
930315
930316